{
 "cells": [
  {
   "cell_type": "markdown",
   "id": "e0bc1fe7",
   "metadata": {},
   "source": [
    "# Imports"
   ]
  },
  {
   "cell_type": "code",
   "execution_count": 33,
   "id": "97f17bfc",
   "metadata": {},
   "outputs": [],
   "source": [
    "import numpy as np\n",
    "import pandas as pd\n",
    "import glob\n",
    "import os\n",
    "import random\n",
    "\n",
    "import cv2\n",
    "import tensorflow as tf\n",
    "import tfimm\n",
    "import timm\n",
    "from builtins import range, input\n",
    "import seaborn as sns\n",
    "import matplotlib.pyplot as plt\n",
    "from sklearn.preprocessing import LabelBinarizer\n",
    "from sklearn.model_selection import train_test_split\n",
    "from tensorflow.keras.utils import to_categorical\n",
    "from tensorflow.keras.optimizers import Adam\n",
    "from tensorflow.keras.layers import Input, Dense, Flatten, Concatenate, Dropout, GlobalAveragePooling2D\n",
    "from tensorflow.keras.models import Model, load_model\n",
    "from sklearn.metrics import confusion_matrix, roc_curve, auc, ConfusionMatrixDisplay\n",
    "\n",
    "import torch\n",
    "import torch_geometric\n",
    "from torch_geometric.data import Data, InMemoryDataset\n",
    "from torch_geometric.loader import DataLoader\n",
    "from torch_geometric.nn import GCNConv, GATConv, global_mean_pool\n",
    "import torch.nn.functional as F"
   ]
  },
  {
   "cell_type": "code",
   "execution_count": 34,
   "id": "e1924fa7",
   "metadata": {},
   "outputs": [
    {
     "name": "stdout",
     "output_type": "stream",
     "text": [
      "Random state: 1545\n"
     ]
    }
   ],
   "source": [
    "## Hyperparameters\n",
    "\n",
    "# PVTAD models\n",
    "vis_epochs = 20\n",
    "vis_batch_size = 32\n",
    "\n",
    "# GNN models\n",
    "gnn_epochs = 50 # Graph data may require fewer epochs to converge\n",
    "gnn_batch_size = 64 # Graph data is smaller so we can use a larger batch size for training\n",
    "hidden_channels = 32\n",
    "dropout = 0.5\n",
    "weight_decay = 0.00005\n",
    "k_neighbors = 10 # Each node will be connected only to its k nearest neighbors\n",
    "random_state = random.randint(0, 10000)\n",
    "print(f\"Random state: {random_state}\")\n",
    "heads = 4"
   ]
  },
  {
   "cell_type": "markdown",
   "id": "7b04d98c",
   "metadata": {},
   "source": [
    "# Data Loading and FC Matrix Computation"
   ]
  },
  {
   "cell_type": "code",
   "execution_count": 35,
   "id": "5699459b",
   "metadata": {},
   "outputs": [
    {
     "name": "stderr",
     "output_type": "stream",
     "text": [
      "c:\\Users\\bbret\\miniconda3\\envs\\ml-env\\lib\\site-packages\\numpy\\lib\\function_base.py:2897: RuntimeWarning: invalid value encountered in divide\n",
      "  c /= stddev[:, None]\n",
      "c:\\Users\\bbret\\miniconda3\\envs\\ml-env\\lib\\site-packages\\numpy\\lib\\function_base.py:2898: RuntimeWarning: invalid value encountered in divide\n",
      "  c /= stddev[None, :]\n"
     ]
    },
    {
     "name": "stdout",
     "output_type": "stream",
     "text": [
      "Processed 884 subjects\n",
      "Matrix shape: (200, 200)\n"
     ]
    }
   ],
   "source": [
    "# Compute Pearson Correlation Matrix\n",
    "\n",
    "def compute_fc_matrix(filepath):\n",
    "    # Each .1D file: rows = timepoints, columns = ROIs\n",
    "    timeseries = np.loadtxt(filepath)  # shape: (T, n_rois)\n",
    "    fc_matrix = np.corrcoef(timeseries.T)  # transpose so corrcoef treats ROIs as variables\n",
    "    return fc_matrix\n",
    "\n",
    "# Example: process every downloaded file\n",
    "filepaths = glob.glob('./data/abide_aal_data/Outputs/cpac/filt_global/rois_cc200/*.1D')  # adjust path/pattern to match your download\n",
    "fc_matrices = {}\n",
    "\n",
    "for fp in filepaths:\n",
    "    file_id = os.path.basename(fp).replace('_rois_cc200.1D', '')  # strip suffix to get FILE_ID\n",
    "    fc_matrices[file_id] = compute_fc_matrix(fp)\n",
    "\n",
    "print(f\"Processed {len(fc_matrices)} subjects\")\n",
    "print(f\"Matrix shape: {next(iter(fc_matrices.values())).shape}\")  # should be (200, 200) for CC200"
   ]
  },
  {
   "cell_type": "code",
   "execution_count": 36,
   "id": "a33d05a4",
   "metadata": {},
   "outputs": [
    {
     "name": "stdout",
     "output_type": "stream",
     "text": [
      "35 of 884 subjects have NaNs\n",
      "Worst offenders: [('Caltech_0051478', 33276), ('Caltech_0051469', 25600), ('SDSU_0050209', 10071), ('SDSU_0050216', 6144), ('Caltech_0051471', 5404)]\n"
     ]
    }
   ],
   "source": [
    "# Count the number of subjects that have 0 standard deviation\n",
    "\n",
    "nan_counts = {}\n",
    "for file_id, matrix in fc_matrices.items():\n",
    "    n_nan = np.isnan(matrix).sum()\n",
    "    if n_nan > 0:\n",
    "        nan_counts[file_id] = n_nan\n",
    "\n",
    "print(f\"{len(nan_counts)} of {len(fc_matrices)} subjects have NaNs\")\n",
    "if nan_counts:\n",
    "    # show the worst few\n",
    "    worst = sorted(nan_counts.items(), key=lambda x: -x[1])[:5]\n",
    "    print(\"Worst offenders:\", worst)"
   ]
  },
  {
   "cell_type": "code",
   "execution_count": 37,
   "id": "d1ee3852",
   "metadata": {},
   "outputs": [
    {
     "name": "stdout",
     "output_type": "stream",
     "text": [
      "Kept 849 of 884 subjects\n"
     ]
    }
   ],
   "source": [
    "# Remove NaN subjects from the dictionary of matrices\n",
    "\n",
    "fc_matrices_clean = {fid: mat for fid, mat in fc_matrices.items() if not np.isnan(mat).any()}\n",
    "print(f\"Kept {len(fc_matrices_clean)} of {len(fc_matrices)} subjects\")"
   ]
  },
  {
   "cell_type": "markdown",
   "id": "9f548535",
   "metadata": {},
   "source": [
    "# Phenotypic Label Merge"
   ]
  },
  {
   "cell_type": "code",
   "execution_count": 38,
   "id": "3186bb39",
   "metadata": {},
   "outputs": [
    {
     "name": "stdout",
     "output_type": "stream",
     "text": [
      "Matched 849 of 849 subjects to labels\n",
      "[('Caltech_0051459', array([[ 1.        , -0.1773661 , -0.00602314, ..., -0.28906846,\n",
      "        -0.34674923,  0.00569531],\n",
      "       [-0.1773661 ,  1.        ,  0.23651303, ...,  0.17127448,\n",
      "        -0.06847432, -0.31333132],\n",
      "       [-0.00602314,  0.23651303,  1.        , ..., -0.07478013,\n",
      "        -0.01658607, -0.04234176],\n",
      "       ...,\n",
      "       [-0.28906846,  0.17127448, -0.07478013, ...,  1.        ,\n",
      "         0.03017183, -0.22089793],\n",
      "       [-0.34674923, -0.06847432, -0.01658607, ...,  0.03017183,\n",
      "         1.        , -0.17733803],\n",
      "       [ 0.00569531, -0.31333132, -0.04234176, ..., -0.22089793,\n",
      "        -0.17733803,  1.        ]]), 1, 1, 22.8, 0.0413318031, 'CALTECH'), ('Caltech_0051461', array([[ 1.        , -0.23663444, -0.22839338, ...,  0.32799874,\n",
      "         0.13613338,  0.0465256 ],\n",
      "       [-0.23663444,  1.        ,  0.46683256, ...,  0.01660224,\n",
      "        -0.07951879, -0.301523  ],\n",
      "       [-0.22839338,  0.46683256,  1.        , ..., -0.00145756,\n",
      "         0.11205156, -0.58666855],\n",
      "       ...,\n",
      "       [ 0.32799874,  0.01660224, -0.00145756, ...,  1.        ,\n",
      "         0.04584855, -0.00346493],\n",
      "       [ 0.13613338, -0.07951879,  0.11205156, ...,  0.04584855,\n",
      "         1.        , -0.30030329],\n",
      "       [ 0.0465256 , -0.301523  , -0.58666855, ..., -0.00346493,\n",
      "        -0.30030329,  1.        ]]), 1, 1, 37.7, 0.1126875747, 'CALTECH'), ('Caltech_0051462', array([[ 1.        , -0.19318326, -0.05764218, ..., -0.03542953,\n",
      "        -0.18194184, -0.01368804],\n",
      "       [-0.19318326,  1.        ,  0.48878822, ..., -0.03226072,\n",
      "         0.0632518 , -0.46954787],\n",
      "       [-0.05764218,  0.48878822,  1.        , ..., -0.03864088,\n",
      "         0.12232678, -0.53723582],\n",
      "       ...,\n",
      "       [-0.03542953, -0.03226072, -0.03864088, ...,  1.        ,\n",
      "         0.1012    ,  0.00648606],\n",
      "       [-0.18194184,  0.0632518 ,  0.12232678, ...,  0.1012    ,\n",
      "         1.        ,  0.03337951],\n",
      "       [-0.01368804, -0.46954787, -0.53723582, ...,  0.00648606,\n",
      "         0.03337951,  1.        ]]), 1, 2, 20.2, 0.1035798328, 'CALTECH'), ('Caltech_0051463', array([[ 1.        , -0.56964027, -0.23778813, ...,  0.19115232,\n",
      "         0.02690168,  0.2611216 ],\n",
      "       [-0.56964027,  1.        ,  0.44836815, ..., -0.08108829,\n",
      "         0.1052986 , -0.28412741],\n",
      "       [-0.23778813,  0.44836815,  1.        , ..., -0.07145804,\n",
      "         0.16472861, -0.10613191],\n",
      "       ...,\n",
      "       [ 0.19115232, -0.08108829, -0.07145804, ...,  1.        ,\n",
      "         0.26412905,  0.2361432 ],\n",
      "       [ 0.02690168,  0.1052986 ,  0.16472861, ...,  0.26412905,\n",
      "         1.        ,  0.1995375 ],\n",
      "       [ 0.2611216 , -0.28412741, -0.10613191, ...,  0.2361432 ,\n",
      "         0.1995375 ,  1.        ]]), 1, 2, 20.2, 0.0497697588, 'CALTECH'), ('Caltech_0051465', array([[ 1.        , -0.04626202,  0.02011288, ...,  0.25915041,\n",
      "         0.16912512,  0.32551523],\n",
      "       [-0.04626202,  1.        , -0.16510657, ..., -0.14947624,\n",
      "         0.06625336,  0.02778471],\n",
      "       [ 0.02011288, -0.16510657,  1.        , ..., -0.05227975,\n",
      "         0.27273383, -0.29266115],\n",
      "       ...,\n",
      "       [ 0.25915041, -0.14947624, -0.05227975, ...,  1.        ,\n",
      "         0.36150025,  0.12183406],\n",
      "       [ 0.16912512,  0.06625336,  0.27273383, ...,  0.36150025,\n",
      "         1.        , -0.00629536],\n",
      "       [ 0.32551523,  0.02778471, -0.29266115, ...,  0.12183406,\n",
      "        -0.00629536,  1.        ]]), 1, 1, 20.2, 0.0344409753, 'CALTECH'), ('Caltech_0051472', array([[ 1.        , -0.18395887, -0.07202344, ..., -0.1380753 ,\n",
      "        -0.09213482, -0.13604918],\n",
      "       [-0.18395887,  1.        ,  0.46351391, ...,  0.17759099,\n",
      "        -0.00414166, -0.15798677],\n",
      "       [-0.07202344,  0.46351391,  1.        , ..., -0.0507022 ,\n",
      "         0.19855969, -0.11288224],\n",
      "       ...,\n",
      "       [-0.1380753 ,  0.17759099, -0.0507022 , ...,  1.        ,\n",
      "         0.26431542, -0.13765829],\n",
      "       [-0.09213482, -0.00414166,  0.19855969, ...,  0.26431542,\n",
      "         1.        ,  0.02729943],\n",
      "       [-0.13604918, -0.15798677, -0.11288224, ..., -0.13765829,\n",
      "         0.02729943,  1.        ]]), 1, 1, 17.5, 0.0395967164, 'CALTECH'), ('Caltech_0051474', array([[ 1.        , -0.16198731, -0.28770637, ...,  0.33626403,\n",
      "         0.01208781, -0.2427858 ],\n",
      "       [-0.16198731,  1.        ,  0.04437662, ..., -0.38224719,\n",
      "        -0.31533317, -0.09032718],\n",
      "       [-0.28770637,  0.04437662,  1.        , ..., -0.35847821,\n",
      "         0.05959085,  0.27721107],\n",
      "       ...,\n",
      "       [ 0.33626403, -0.38224719, -0.35847821, ...,  1.        ,\n",
      "         0.01770688,  0.03056189],\n",
      "       [ 0.01208781, -0.31533317,  0.05959085, ...,  0.01770688,\n",
      "         1.        ,  0.1491657 ],\n",
      "       [-0.2427858 , -0.09032718,  0.27721107, ...,  0.03056189,\n",
      "         0.1491657 ,  1.        ]]), 1, 1, 20.9, 0.0850960356, 'CALTECH'), ('Caltech_0051476', array([[ 1.        , -0.16314618,  0.32705956, ...,  0.12691038,\n",
      "         0.18952527,  0.05859612],\n",
      "       [-0.16314618,  1.        ,  0.40264356, ...,  0.05535303,\n",
      "        -0.18737585, -0.10831445],\n",
      "       [ 0.32705956,  0.40264356,  1.        , ...,  0.16820227,\n",
      "         0.10060744,  0.11348202],\n",
      "       ...,\n",
      "       [ 0.12691038,  0.05535303,  0.16820227, ...,  1.        ,\n",
      "         0.58073772, -0.19135667],\n",
      "       [ 0.18952527, -0.18737585,  0.10060744, ...,  0.58073772,\n",
      "         1.        ,  0.15875875],\n",
      "       [ 0.05859612, -0.10831445,  0.11348202, ..., -0.19135667,\n",
      "         0.15875875,  1.        ]]), 2, 1, 39.3, 0.0701342667, 'CALTECH'), ('Caltech_0051477', array([[ 1.        ,  0.40894433, -0.07760861, ...,  0.19507784,\n",
      "        -0.03172054, -0.58416492],\n",
      "       [ 0.40894433,  1.        , -0.02270607, ...,  0.20050812,\n",
      "        -0.34252462, -0.11212665],\n",
      "       [-0.07760861, -0.02270607,  1.        , ..., -0.29353311,\n",
      "         0.16945548,  0.24589147],\n",
      "       ...,\n",
      "       [ 0.19507784,  0.20050812, -0.29353311, ...,  1.        ,\n",
      "        -0.23311022, -0.04430613],\n",
      "       [-0.03172054, -0.34252462,  0.16945548, ..., -0.23311022,\n",
      "         1.        , -0.30379249],\n",
      "       [-0.58416492, -0.11212665,  0.24589147, ..., -0.04430613,\n",
      "        -0.30379249,  1.        ]]), 2, 1, 42.5, 0.1021166951, 'CALTECH'), ('Caltech_0051479', array([[ 1.        ,  0.19285298,  0.35623692, ..., -0.07587109,\n",
      "        -0.21257708,  0.02113929],\n",
      "       [ 0.19285298,  1.        ,  0.4954167 , ..., -0.11746257,\n",
      "        -0.0141257 ,  0.09727865],\n",
      "       [ 0.35623692,  0.4954167 ,  1.        , ..., -0.09141906,\n",
      "         0.05414967, -0.00436029],\n",
      "       ...,\n",
      "       [-0.07587109, -0.11746257, -0.09141906, ...,  1.        ,\n",
      "        -0.16052819, -0.05107418],\n",
      "       [-0.21257708, -0.0141257 ,  0.05414967, ..., -0.16052819,\n",
      "         1.        , -0.03168773],\n",
      "       [ 0.02113929,  0.09727865, -0.00436029, ..., -0.05107418,\n",
      "        -0.03168773,  1.        ]]), 2, 2, 20.0, 0.0645010533, 'CALTECH'), ('Caltech_0051480', array([[ 1.        , -0.20389981,  0.05794773, ...,  0.11406734,\n",
      "         0.27384484,  0.20691653],\n",
      "       [-0.20389981,  1.        ,  0.1660926 , ..., -0.29633296,\n",
      "        -0.02976947,  0.08960268],\n",
      "       [ 0.05794773,  0.1660926 ,  1.        , ..., -0.24432708,\n",
      "         0.10089443,  0.16408391],\n",
      "       ...,\n",
      "       [ 0.11406734, -0.29633296, -0.24432708, ...,  1.        ,\n",
      "         0.12455283,  0.00232052],\n",
      "       [ 0.27384484, -0.02976947,  0.10089443, ...,  0.12455283,\n",
      "         1.        ,  0.10264404],\n",
      "       [ 0.20691653,  0.08960268,  0.16408391, ...,  0.00232052,\n",
      "         0.10264404,  1.        ]]), 2, 2, 20.8, 0.0324931503, 'CALTECH'), ('Caltech_0051481', array([[ 1.        ,  0.07776642, -0.08832059, ..., -0.35865645,\n",
      "         0.02677537, -0.01565248],\n",
      "       [ 0.07776642,  1.        ,  0.2638544 , ..., -0.13021868,\n",
      "         0.05442481, -0.00794296],\n",
      "       [-0.08832059,  0.2638544 ,  1.        , ..., -0.02299646,\n",
      "        -0.30102028,  0.29670208],\n",
      "       ...,\n",
      "       [-0.35865645, -0.13021868, -0.02299646, ...,  1.        ,\n",
      "         0.2432562 , -0.13435692],\n",
      "       [ 0.02677537,  0.05442481, -0.30102028, ...,  0.2432562 ,\n",
      "         1.        , -0.23052843],\n",
      "       [-0.01565248, -0.00794296,  0.29670208, ..., -0.13435692,\n",
      "        -0.23052843,  1.        ]]), 2, 1, 27.9, 0.1285529156, 'CALTECH'), ('Caltech_0051482', array([[ 1.        , -0.02179965,  0.35660678, ..., -0.03794843,\n",
      "         0.36906895, -0.03295868],\n",
      "       [-0.02179965,  1.        ,  0.34000463, ..., -0.29023226,\n",
      "         0.30749547,  0.0010678 ],\n",
      "       [ 0.35660678,  0.34000463,  1.        , ..., -0.18409598,\n",
      "         0.26552274, -0.04297762],\n",
      "       ...,\n",
      "       [-0.03794843, -0.29023226, -0.18409598, ...,  1.        ,\n",
      "        -0.21270055,  0.10658304],\n",
      "       [ 0.36906895,  0.30749547,  0.26552274, ..., -0.21270055,\n",
      "         1.        ,  0.11535793],\n",
      "       [-0.03295868,  0.0010678 , -0.04297762, ...,  0.10658304,\n",
      "         0.11535793,  1.        ]]), 2, 2, 21.1, 0.0457370919, 'CALTECH'), ('Caltech_0051485', array([[ 1.        , -0.08475394, -0.05961048, ...,  0.34217587,\n",
      "        -0.07978409,  0.09428751],\n",
      "       [-0.08475394,  1.        , -0.38025884, ...,  0.27628438,\n",
      "        -0.12050082, -0.331214  ],\n",
      "       [-0.05961048, -0.38025884,  1.        , ..., -0.39370755,\n",
      "         0.07623649,  0.17604931],\n",
      "       ...,\n",
      "       [ 0.34217587,  0.27628438, -0.39370755, ...,  1.        ,\n",
      "         0.21695356, -0.14630997],\n",
      "       [-0.07978409, -0.12050082,  0.07623649, ...,  0.21695356,\n",
      "         1.        , -0.1158415 ],\n",
      "       [ 0.09428751, -0.331214  ,  0.17604931, ..., -0.14630997,\n",
      "        -0.1158415 ,  1.        ]]), 2, 1, 23.9, 0.0679282239, 'CALTECH'), ('Caltech_0051486', array([[ 1.        , -0.08976866,  0.25741428, ..., -0.24226192,\n",
      "         0.01500416, -0.07475439],\n",
      "       [-0.08976866,  1.        , -0.03490871, ..., -0.2282952 ,\n",
      "         0.09497529, -0.09714964],\n",
      "       [ 0.25741428, -0.03490871,  1.        , ..., -0.02612008,\n",
      "        -0.03234016,  0.06545847],\n",
      "       ...,\n",
      "       [-0.24226192, -0.2282952 , -0.02612008, ...,  1.        ,\n",
      "        -0.08793878, -0.03554501],\n",
      "       [ 0.01500416,  0.09497529, -0.03234016, ..., -0.08793878,\n",
      "         1.        ,  0.08063505],\n",
      "       [-0.07475439, -0.09714964,  0.06545847, ..., -0.03554501,\n",
      "         0.08063505,  1.        ]]), 2, 1, 22.0, 0.0362915739, 'CALTECH'), ('Caltech_0051487', array([[ 1.        , -0.18226875, -0.19764973, ..., -0.15103476,\n",
      "        -0.09167358,  0.12158646],\n",
      "       [-0.18226875,  1.        ,  0.14288343, ...,  0.03357907,\n",
      "        -0.09662823, -0.11044315],\n",
      "       [-0.19764973,  0.14288343,  1.        , ..., -0.06299621,\n",
      "        -0.26234258, -0.51037869],\n",
      "       ...,\n",
      "       [-0.15103476,  0.03357907, -0.06299621, ...,  1.        ,\n",
      "         0.09550402, -0.36066673],\n",
      "       [-0.09167358, -0.09662823, -0.26234258, ...,  0.09550402,\n",
      "         1.        ,  0.29278844],\n",
      "       [ 0.12158646, -0.11044315, -0.51037869, ..., -0.36066673,\n",
      "         0.29278844,  1.        ]]), 2, 1, 17.0, 0.0418853037, 'CALTECH'), ('Caltech_0051488', array([[ 1.00000000e+00, -3.17813777e-01,  4.85448852e-01, ...,\n",
      "        -5.38757259e-04, -2.34296620e-01,  1.90614375e-02],\n",
      "       [-3.17813777e-01,  1.00000000e+00,  7.12105427e-02, ...,\n",
      "        -1.72615799e-02, -9.27738949e-02, -2.27200552e-01],\n",
      "       [ 4.85448852e-01,  7.12105427e-02,  1.00000000e+00, ...,\n",
      "        -1.01473021e-01, -3.57772957e-01, -1.61019320e-01],\n",
      "       ...,\n",
      "       [-5.38757259e-04, -1.72615799e-02, -1.01473021e-01, ...,\n",
      "         1.00000000e+00,  3.75365391e-01,  5.15134203e-02],\n",
      "       [-2.34296620e-01, -9.27738949e-02, -3.57772957e-01, ...,\n",
      "         3.75365391e-01,  1.00000000e+00,  5.86299629e-02],\n",
      "       [ 1.90614375e-02, -2.27200552e-01, -1.61019320e-01, ...,\n",
      "         5.15134203e-02,  5.86299629e-02,  1.00000000e+00]]), 2, 1, 23.3, 0.0904446466, 'CALTECH'), ('Caltech_0051489', array([[ 1.        , -0.03794574,  0.27443808, ..., -0.09723773,\n",
      "        -0.23531623, -0.01139342],\n",
      "       [-0.03794574,  1.        ,  0.3283426 , ...,  0.07492759,\n",
      "        -0.13578745, -0.02951225],\n",
      "       [ 0.27443808,  0.3283426 ,  1.        , ..., -0.29508863,\n",
      "        -0.23670467, -0.10546019],\n",
      "       ...,\n",
      "       [-0.09723773,  0.07492759, -0.29508863, ...,  1.        ,\n",
      "         0.34695395,  0.37332698],\n",
      "       [-0.23531623, -0.13578745, -0.23670467, ...,  0.34695395,\n",
      "         1.        , -0.08089819],\n",
      "       [-0.01139342, -0.02951225, -0.10546019, ...,  0.37332698,\n",
      "        -0.08089819,  1.        ]]), 2, 1, 34.1, 0.1132172441, 'CALTECH'), ('Caltech_0051491', array([[ 1.        , -0.36841544, -0.27161026, ..., -0.2321403 ,\n",
      "         0.25277664,  0.14720412],\n",
      "       [-0.36841544,  1.        ,  0.51322064, ...,  0.06717981,\n",
      "         0.07794083, -0.39973258],\n",
      "       [-0.27161026,  0.51322064,  1.        , ...,  0.19552946,\n",
      "         0.18074115,  0.10747792],\n",
      "       ...,\n",
      "       [-0.2321403 ,  0.06717981,  0.19552946, ...,  1.        ,\n",
      "        -0.00181449, -0.00748067],\n",
      "       [ 0.25277664,  0.07794083,  0.18074115, ..., -0.00181449,\n",
      "         1.        ,  0.10924662],\n",
      "       [ 0.14720412, -0.39973258,  0.10747792, ..., -0.00748067,\n",
      "         0.10924662,  1.        ]]), 2, 1, 56.2, 0.0363705217, 'CALTECH'), ('Caltech_0051492', array([[ 1.        , -0.22549976,  0.06797597, ...,  0.2810916 ,\n",
      "        -0.12748153,  0.05767751],\n",
      "       [-0.22549976,  1.        , -0.08157722, ...,  0.21379571,\n",
      "        -0.02289522,  0.10938903],\n",
      "       [ 0.06797597, -0.08157722,  1.        , ..., -0.00115266,\n",
      "         0.26511187, -0.16033852],\n",
      "       ...,\n",
      "       [ 0.2810916 ,  0.21379571, -0.00115266, ...,  1.        ,\n",
      "         0.1545554 , -0.09861569],\n",
      "       [-0.12748153, -0.02289522,  0.26511187, ...,  0.1545554 ,\n",
      "         1.        , -0.19638517],\n",
      "       [ 0.05767751,  0.10938903, -0.16033852, ..., -0.09861569,\n",
      "        -0.19638517,  1.        ]]), 2, 1, 18.7, 0.0464336645, 'CALTECH'), ('Caltech_0051493', array([[ 1.        , -0.16624018, -0.16516068, ..., -0.20298283,\n",
      "         0.12140671,  0.21900652],\n",
      "       [-0.16624018,  1.        ,  0.46543338, ...,  0.08000613,\n",
      "        -0.06420726, -0.12469307],\n",
      "       [-0.16516068,  0.46543338,  1.        , ...,  0.08656551,\n",
      "         0.02961737, -0.03000612],\n",
      "       ...,\n",
      "       [-0.20298283,  0.08000613,  0.08656551, ...,  1.        ,\n",
      "         0.07566485, -0.02980766],\n",
      "       [ 0.12140671, -0.06420726,  0.02961737, ...,  0.07566485,\n",
      "         1.        ,  0.22512261],\n",
      "       [ 0.21900652, -0.12469307, -0.03000612, ..., -0.02980766,\n",
      "         0.22512261,  1.        ]]), 2, 2, 29.2, 0.0538246955, 'CALTECH'), ('CMU_a_0050649', array([[ 1.        , -0.02315311, -0.20222513, ..., -0.22376975,\n",
      "        -0.29784384,  0.06725441],\n",
      "       [-0.02315311,  1.        ,  0.09175101, ..., -0.0500148 ,\n",
      "        -0.00625399, -0.10674482],\n",
      "       [-0.20222513,  0.09175101,  1.        , ...,  0.11662228,\n",
      "         0.21179211, -0.03544506],\n",
      "       ...,\n",
      "       [-0.22376975, -0.0500148 ,  0.11662228, ...,  1.        ,\n",
      "         0.28673611,  0.0587424 ],\n",
      "       [-0.29784384, -0.00625399,  0.21179211, ...,  0.28673611,\n",
      "         1.        , -0.05421773],\n",
      "       [ 0.06725441, -0.10674482, -0.03544506, ...,  0.0587424 ,\n",
      "        -0.05421773,  1.        ]]), 1, 1, 22.0, 0.1312002198, 'CMU'), ('KKI_0050772', array([[ 1.        ,  0.07672242,  0.06539469, ..., -0.23874525,\n",
      "        -0.2606554 , -0.02969131],\n",
      "       [ 0.07672242,  1.        ,  0.20703544, ...,  0.06297888,\n",
      "        -0.20569045,  0.19362929],\n",
      "       [ 0.06539469,  0.20703544,  1.        , ..., -0.29685693,\n",
      "         0.07024102,  0.10560282],\n",
      "       ...,\n",
      "       [-0.23874525,  0.06297888, -0.29685693, ...,  1.        ,\n",
      "         0.27624892, -0.13036653],\n",
      "       [-0.2606554 , -0.20569045,  0.07024102, ...,  0.27624892,\n",
      "         1.        ,  0.12018714],\n",
      "       [-0.02969131,  0.19362929,  0.10560282, ..., -0.13036653,\n",
      "         0.12018714,  1.        ]]), 2, 1, 12.77, 0.0720568115, 'KKI'), ('KKI_0050773', array([[ 1.        , -0.13856589, -0.32752188, ...,  0.08772753,\n",
      "         0.11576671,  0.08339884],\n",
      "       [-0.13856589,  1.        ,  0.43234753, ..., -0.19909037,\n",
      "        -0.08179155, -0.33834627],\n",
      "       [-0.32752188,  0.43234753,  1.        , ..., -0.25392985,\n",
      "        -0.15276968, -0.19746351],\n",
      "       ...,\n",
      "       [ 0.08772753, -0.19909037, -0.25392985, ...,  1.        ,\n",
      "         0.39338194, -0.16905398],\n",
      "       [ 0.11576671, -0.08179155, -0.15276968, ...,  0.39338194,\n",
      "         1.        , -0.30486846],\n",
      "       [ 0.08339884, -0.33834627, -0.19746351, ..., -0.16905398,\n",
      "        -0.30486846,  1.        ]]), 2, 1, 10.84, 0.0550336419, 'KKI'), ('KKI_0050774', array([[ 1.        , -0.45550503, -0.1057208 , ..., -0.07668242,\n",
      "        -0.00873077, -0.06498255],\n",
      "       [-0.45550503,  1.        ,  0.08752449, ..., -0.18832116,\n",
      "        -0.13542467, -0.10130761],\n",
      "       [-0.1057208 ,  0.08752449,  1.        , ..., -0.13400472,\n",
      "        -0.173053  ,  0.02115818],\n",
      "       ...,\n",
      "       [-0.07668242, -0.18832116, -0.13400472, ...,  1.        ,\n",
      "         0.36668141, -0.38572081],\n",
      "       [-0.00873077, -0.13542467, -0.173053  , ...,  0.36668141,\n",
      "         1.        , -0.28960734],\n",
      "       [-0.06498255, -0.10130761,  0.02115818, ..., -0.38572081,\n",
      "        -0.28960734,  1.        ]]), 2, 1, 10.64, 0.0355590004, 'KKI'), ('KKI_0050775', array([[ 1.        , -0.11982648, -0.15405956, ..., -0.00181436,\n",
      "         0.01065874, -0.30944712],\n",
      "       [-0.11982648,  1.        ,  0.2905675 , ...,  0.22354899,\n",
      "         0.27021089,  0.6449399 ],\n",
      "       [-0.15405956,  0.2905675 ,  1.        , ..., -0.01784516,\n",
      "        -0.02498638,  0.17782065],\n",
      "       ...,\n",
      "       [-0.00181436,  0.22354899, -0.01784516, ...,  1.        ,\n",
      "         0.22726343,  0.15244914],\n",
      "       [ 0.01065874,  0.27021089, -0.02498638, ...,  0.22726343,\n",
      "         1.        ,  0.3730641 ],\n",
      "       [-0.30944712,  0.6449399 ,  0.17782065, ...,  0.15244914,\n",
      "         0.3730641 ,  1.        ]]), 2, 1, 11.0, 0.1444878973, 'KKI'), ('KKI_0050776', array([[ 1.        , -0.22835739, -0.04409656, ..., -0.30334741,\n",
      "         0.04360465, -0.1135012 ],\n",
      "       [-0.22835739,  1.        ,  0.25461512, ...,  0.15068624,\n",
      "         0.01338381,  0.05327105],\n",
      "       [-0.04409656,  0.25461512,  1.        , ..., -0.14764413,\n",
      "        -0.08585888, -0.16886359],\n",
      "       ...,\n",
      "       [-0.30334741,  0.15068624, -0.14764413, ...,  1.        ,\n",
      "         0.35900539, -0.28978038],\n",
      "       [ 0.04360465,  0.01338381, -0.08585888, ...,  0.35900539,\n",
      "         1.        , -0.23094971],\n",
      "       [-0.1135012 ,  0.05327105, -0.16886359, ..., -0.28978038,\n",
      "        -0.23094971,  1.        ]]), 2, 1, 9.3, 0.1392438779, 'KKI'), ('KKI_0050777', array([[ 1.        , -0.31418356, -0.33272127, ..., -0.26490245,\n",
      "        -0.11038679, -0.12274389],\n",
      "       [-0.31418356,  1.        ,  0.56867672, ..., -0.10697524,\n",
      "        -0.2263077 ,  0.00339707],\n",
      "       [-0.33272127,  0.56867672,  1.        , ..., -0.0187991 ,\n",
      "        -0.02609726,  0.06882078],\n",
      "       ...,\n",
      "       [-0.26490245, -0.10697524, -0.0187991 , ...,  1.        ,\n",
      "         0.19102225, -0.00291502],\n",
      "       [-0.11038679, -0.2263077 , -0.02609726, ...,  0.19102225,\n",
      "         1.        , -0.38892743],\n",
      "       [-0.12274389,  0.00339707,  0.06882078, ..., -0.00291502,\n",
      "        -0.38892743,  1.        ]]), 2, 1, 8.39, 0.0637256108, 'KKI'), ('KKI_0050778', array([[ 1.        , -0.52023374, -0.1986408 , ..., -0.20309938,\n",
      "         0.07328756, -0.2585552 ],\n",
      "       [-0.52023374,  1.        ,  0.41484007, ..., -0.09522925,\n",
      "         0.04844022,  0.10928722],\n",
      "       [-0.1986408 ,  0.41484007,  1.        , ..., -0.0636605 ,\n",
      "         0.0668011 ,  0.02218859],\n",
      "       ...,\n",
      "       [-0.20309938, -0.09522925, -0.0636605 , ...,  1.        ,\n",
      "        -0.00879466, -0.27317768],\n",
      "       [ 0.07328756,  0.04844022,  0.0668011 , ..., -0.00879466,\n",
      "         1.        , -0.19941557],\n",
      "       [-0.2585552 ,  0.10928722,  0.02218859, ..., -0.27317768,\n",
      "        -0.19941557,  1.        ]]), 2, 2, 9.73, 0.1071567012, 'KKI'), ('KKI_0050779', array([[ 1.        , -0.37085669, -0.13216365, ..., -0.09142646,\n",
      "         0.27293204, -0.02518606],\n",
      "       [-0.37085669,  1.        ,  0.32496361, ..., -0.08911233,\n",
      "        -0.3682137 ,  0.37722415],\n",
      "       [-0.13216365,  0.32496361,  1.        , ..., -0.09886837,\n",
      "        -0.03718278,  0.23305501],\n",
      "       ...,\n",
      "       [-0.09142646, -0.08911233, -0.09886837, ...,  1.        ,\n",
      "        -0.05221563,  0.03373831],\n",
      "       [ 0.27293204, -0.3682137 , -0.03718278, ..., -0.05221563,\n",
      "         1.        , -0.44773653],\n",
      "       [-0.02518606,  0.37722415,  0.23305501, ...,  0.03373831,\n",
      "        -0.44773653,  1.        ]]), 2, 1, 9.41, 0.1073435253, 'KKI'), ('KKI_0050780', array([[ 1.        , -0.23026357,  0.05818271, ...,  0.02186472,\n",
      "        -0.36624417,  0.01020639],\n",
      "       [-0.23026357,  1.        ,  0.25847512, ...,  0.03222064,\n",
      "         0.00990302, -0.01176638],\n",
      "       [ 0.05818271,  0.25847512,  1.        , ..., -0.24279635,\n",
      "         0.00329242,  0.09315681],\n",
      "       ...,\n",
      "       [ 0.02186472,  0.03222064, -0.24279635, ...,  1.        ,\n",
      "         0.2379347 , -0.15524594],\n",
      "       [-0.36624417,  0.00990302,  0.00329242, ...,  0.2379347 ,\n",
      "         1.        , -0.18360232],\n",
      "       [ 0.01020639, -0.01176638,  0.09315681, ..., -0.15524594,\n",
      "        -0.18360232,  1.        ]]), 2, 2, 9.82, 0.0908827585, 'KKI'), ('KKI_0050781', array([[ 1.        , -0.18050114, -0.08135109, ..., -0.19700165,\n",
      "         0.07491299, -0.0042191 ],\n",
      "       [-0.18050114,  1.        ,  0.1058872 , ..., -0.07472066,\n",
      "        -0.14179245,  0.25246333],\n",
      "       [-0.08135109,  0.1058872 ,  1.        , ...,  0.1793245 ,\n",
      "         0.05295754, -0.22832193],\n",
      "       ...,\n",
      "       [-0.19700165, -0.07472066,  0.1793245 , ...,  1.        ,\n",
      "         0.15269202, -0.11360185],\n",
      "       [ 0.07491299, -0.14179245,  0.05295754, ...,  0.15269202,\n",
      "         1.        , -0.00747784],\n",
      "       [-0.0042191 ,  0.25246333, -0.22832193, ..., -0.11360185,\n",
      "        -0.00747784,  1.        ]]), 2, 1, 9.3, 0.1156469326, 'KKI'), ('KKI_0050782', array([[ 1.        , -0.1704336 ,  0.07608414, ..., -0.26704831,\n",
      "        -0.0313513 , -0.12115528],\n",
      "       [-0.1704336 ,  1.        ,  0.24511867, ...,  0.06201193,\n",
      "         0.30682376,  0.3495387 ],\n",
      "       [ 0.07608414,  0.24511867,  1.        , ..., -0.04421642,\n",
      "         0.04211034,  0.25373668],\n",
      "       ...,\n",
      "       [-0.26704831,  0.06201193, -0.04421642, ...,  1.        ,\n",
      "         0.35603849, -0.17508871],\n",
      "       [-0.0313513 ,  0.30682376,  0.04211034, ...,  0.35603849,\n",
      "         1.        ,  0.18115006],\n",
      "       [-0.12115528,  0.3495387 ,  0.25373668, ..., -0.17508871,\n",
      "         0.18115006,  1.        ]]), 2, 1, 10.18, 0.1153613221, 'KKI'), ('KKI_0050783', array([[ 1.        , -0.09942919, -0.29837136, ..., -0.19800954,\n",
      "        -0.03009664,  0.02034169],\n",
      "       [-0.09942919,  1.        ,  0.44151166, ..., -0.07184162,\n",
      "        -0.12529337,  0.12376919],\n",
      "       [-0.29837136,  0.44151166,  1.        , ..., -0.06972227,\n",
      "         0.05106523,  0.02630461],\n",
      "       ...,\n",
      "       [-0.19800954, -0.07184162, -0.06972227, ...,  1.        ,\n",
      "         0.12426407,  0.02112511],\n",
      "       [-0.03009664, -0.12529337,  0.05106523, ...,  0.12426407,\n",
      "         1.        , -0.31557907],\n",
      "       [ 0.02034169,  0.12376919,  0.02630461, ...,  0.02112511,\n",
      "        -0.31557907,  1.        ]]), 2, 2, 10.4, 0.048429011, 'KKI'), ('KKI_0050785', array([[ 1.        ,  0.02744562, -0.02077658, ..., -0.015968  ,\n",
      "        -0.105543  , -0.1213762 ],\n",
      "       [ 0.02744562,  1.        ,  0.26347908, ...,  0.02816317,\n",
      "        -0.11340808, -0.21698025],\n",
      "       [-0.02077658,  0.26347908,  1.        , ...,  0.07308998,\n",
      "        -0.16741352,  0.15184277],\n",
      "       ...,\n",
      "       [-0.015968  ,  0.02816317,  0.07308998, ...,  1.        ,\n",
      "         0.57404073,  0.29161112],\n",
      "       [-0.105543  , -0.11340808, -0.16741352, ...,  0.57404073,\n",
      "         1.        ,  0.05243004],\n",
      "       [-0.1213762 , -0.21698025,  0.15184277, ...,  0.29161112,\n",
      "         0.05243004,  1.        ]]), 2, 1, 10.37, 0.1979619992, 'KKI'), ('KKI_0050786', array([[ 1.        , -0.15426965,  0.25911392, ..., -0.25716892,\n",
      "        -0.06547418, -0.20920837],\n",
      "       [-0.15426965,  1.        ,  0.33919223, ..., -0.01535456,\n",
      "         0.18772955,  0.06556178],\n",
      "       [ 0.25911392,  0.33919223,  1.        , ..., -0.18281126,\n",
      "         0.06216288,  0.16156612],\n",
      "       ...,\n",
      "       [-0.25716892, -0.01535456, -0.18281126, ...,  1.        ,\n",
      "         0.27263369,  0.02681256],\n",
      "       [-0.06547418,  0.18772955,  0.06216288, ...,  0.27263369,\n",
      "         1.        , -0.31843559],\n",
      "       [-0.20920837,  0.06556178,  0.16156612, ...,  0.02681256,\n",
      "        -0.31843559,  1.        ]]), 2, 1, 8.75, 0.1430365741, 'KKI'), ('KKI_0050787', array([[ 1.        , -0.26601743,  0.02220088, ...,  0.15307001,\n",
      "         0.31935462, -0.19846472],\n",
      "       [-0.26601743,  1.        , -0.19266337, ...,  0.09309594,\n",
      "        -0.01668553, -0.02875663],\n",
      "       [ 0.02220088, -0.19266337,  1.        , ..., -0.11368488,\n",
      "         0.03653848,  0.1351869 ],\n",
      "       ...,\n",
      "       [ 0.15307001,  0.09309594, -0.11368488, ...,  1.        ,\n",
      "         0.49062651, -0.00440921],\n",
      "       [ 0.31935462, -0.01668553,  0.03653848, ...,  0.49062651,\n",
      "         1.        , -0.01467512],\n",
      "       [-0.19846472, -0.02875663,  0.1351869 , ..., -0.00440921,\n",
      "        -0.01467512,  1.        ]]), 2, 1, 10.82, 0.1170869028, 'KKI'), ('KKI_0050788', array([[ 1.        , -0.30031618, -0.56072614, ...,  0.09796536,\n",
      "         0.07576687, -0.08421308],\n",
      "       [-0.30031618,  1.        ,  0.37964305, ...,  0.08784265,\n",
      "        -0.1070136 ,  0.15761422],\n",
      "       [-0.56072614,  0.37964305,  1.        , ..., -0.17382529,\n",
      "        -0.0259948 ,  0.21974906],\n",
      "       ...,\n",
      "       [ 0.09796536,  0.08784265, -0.17382529, ...,  1.        ,\n",
      "        -0.16911976,  0.0615164 ],\n",
      "       [ 0.07576687, -0.1070136 , -0.0259948 , ..., -0.16911976,\n",
      "         1.        , -0.36581188],\n",
      "       [-0.08421308,  0.15761422,  0.21974906, ...,  0.0615164 ,\n",
      "        -0.36581188,  1.        ]]), 2, 2, 10.25, 0.0986028624, 'KKI'), ('KKI_0050789', array([[ 1.        , -0.01710882, -0.09631091, ..., -0.16369931,\n",
      "         0.10960154, -0.25743615],\n",
      "       [-0.01710882,  1.        , -0.21154702, ..., -0.14336108,\n",
      "        -0.00505605,  0.22422926],\n",
      "       [-0.09631091, -0.21154702,  1.        , ...,  0.0285151 ,\n",
      "         0.16674874,  0.13371825],\n",
      "       ...,\n",
      "       [-0.16369931, -0.14336108,  0.0285151 , ...,  1.        ,\n",
      "         0.13540619,  0.03742181],\n",
      "       [ 0.10960154, -0.00505605,  0.16674874, ...,  0.13540619,\n",
      "         1.        , -0.18710096],\n",
      "       [-0.25743615,  0.22422926,  0.13371825, ...,  0.03742181,\n",
      "        -0.18710096,  1.        ]]), 2, 1, 9.31, 0.1553637465, 'KKI'), ('KKI_0050790', array([[ 1.        , -0.44319169, -0.12980998, ..., -0.09621075,\n",
      "         0.09552809, -0.0779254 ],\n",
      "       [-0.44319169,  1.        ,  0.17073917, ..., -0.17981589,\n",
      "         0.06774864, -0.10562945],\n",
      "       [-0.12980998,  0.17073917,  1.        , ..., -0.02831372,\n",
      "         0.25426663, -0.09610748],\n",
      "       ...,\n",
      "       [-0.09621075, -0.17981589, -0.02831372, ...,  1.        ,\n",
      "        -0.14837914,  0.19566931],\n",
      "       [ 0.09552809,  0.06774864,  0.25426663, ..., -0.14837914,\n",
      "         1.        , -0.25411622],\n",
      "       [-0.0779254 , -0.10562945, -0.09610748, ...,  0.19566931,\n",
      "        -0.25411622,  1.        ]]), 2, 2, 8.83, 0.0822274206, 'KKI'), ('KKI_0050791', array([[ 1.        , -0.23894907, -0.28322634, ...,  0.10858325,\n",
      "         0.21196756,  0.07566702],\n",
      "       [-0.23894907,  1.        ,  0.4388491 , ...,  0.13080955,\n",
      "        -0.23850701, -0.18015722],\n",
      "       [-0.28322634,  0.4388491 ,  1.        , ...,  0.12825876,\n",
      "        -0.15747066,  0.1021942 ],\n",
      "       ...,\n",
      "       [ 0.10858325,  0.13080955,  0.12825876, ...,  1.        ,\n",
      "         0.13053932, -0.09000666],\n",
      "       [ 0.21196756, -0.23850701, -0.15747066, ...,  0.13053932,\n",
      "         1.        , -0.04358698],\n",
      "       [ 0.07566702, -0.18015722,  0.1021942 , ..., -0.09000666,\n",
      "        -0.04358698,  1.        ]]), 1, 1, 10.18, 0.0409579177, 'KKI'), ('KKI_0050792', array([[ 1.        , -0.21852514, -0.10930995, ..., -0.09839397,\n",
      "         0.31303605, -0.11690136],\n",
      "       [-0.21852514,  1.        ,  0.20529924, ...,  0.14602659,\n",
      "        -0.23535366,  0.07391136],\n",
      "       [-0.10930995,  0.20529924,  1.        , ..., -0.20296028,\n",
      "         0.22918713,  0.18164189],\n",
      "       ...,\n",
      "       [-0.09839397,  0.14602659, -0.20296028, ...,  1.        ,\n",
      "        -0.36195994, -0.05190617],\n",
      "       [ 0.31303605, -0.23535366,  0.22918713, ..., -0.36195994,\n",
      "         1.        , -0.17523201],\n",
      "       [-0.11690136,  0.07391136,  0.18164189, ..., -0.05190617,\n",
      "        -0.17523201,  1.        ]]), 1, 2, 8.2, 0.1648889443, 'KKI'), ('KKI_0050795', array([[ 1.        , -0.37747259,  0.070938  , ..., -0.3488632 ,\n",
      "        -0.05809311, -0.07233976],\n",
      "       [-0.37747259,  1.        ,  0.24014973, ...,  0.16429382,\n",
